Recall	Precision
5.14E-04	1
0.001027749	1
0.001541624	1
0.001541624	0.75
0.002055498	0.8
0.002569373	0.833333333
0.003083248	0.857142857
0.003597122	0.875
0.003597122	0.777777778
0.004110997	0.8
0.004110997	0.727272727
0.004624872	0.75
0.004624872	0.692307692
0.005138746	0.714285714
0.005138746	0.666666667
0.005652621	0.6875
0.006166495	0.705882353
0.006166495	0.666666667
0.00668037	0.684210526
0.007194245	0.7
0.007708119	0.714285714
0.008221994	0.727272727
0.008735868	0.739130435
0.009249743	0.75
0.009763618	0.76
0.010277492	0.769230769
0.010791367	0.777777778
0.011305242	0.785714286
0.011819116	0.793103448
0.012332991	0.8
0.012846865	0.806451613
0.012846865	0.78125
0.01336074	0.787878788
0.013874615	0.794117647
0.014388489	0.8
0.014902364	0.805555556
0.015416238	0.810810811
0.015930113	0.815789474
0.016443988	0.820512821
0.016957862	0.825
0.017471737	0.829268293
0.017985612	0.833333333
0.018499486	0.837209302
0.019013361	0.840909091
0.019527235	0.844444444
0.02004111	0.847826087
0.020554985	0.85106383
0.021068859	0.854166667
0.021582734	0.857142857
0.022096608	0.86
0.022610483	0.862745098
0.023124358	0.865384615
0.023638232	0.867924528
0.024152107	0.87037037
0.024665982	0.872727273
0.025179856	0.875
0.025693731	0.877192982
0.026207605	0.879310345
0.02672148	0.881355932
0.027235355	0.883333333
0.027749229	0.885245902
0.028263104	0.887096774
0.028776978	0.888888889
0.029290853	0.890625
0.029804728	0.892307692
0.030318602	0.893939394
0.030832477	0.895522388
0.031346351	0.897058824
0.031860226	0.898550725
0.032374101	0.9
0.032887975	0.901408451
0.03340185	0.902777778
0.033915725	0.904109589
0.034429599	0.905405405
0.034943474	0.906666667
0.035457348	0.907894737
0.035971223	0.909090909
0.036485098	0.91025641
0.036998972	0.911392405
0.037512847	0.9125
0.037512847	0.901234568
0.037512847	0.890243902
0.037512847	0.879518072
0.037512847	0.869047619
0.037512847	0.858823529
0.037512847	0.848837209
0.037512847	0.83908046
0.037512847	0.829545455
0.037512847	0.820224719
0.037512847	0.811111111
0.037512847	0.802197802
0.037512847	0.793478261
0.037512847	0.784946237
0.037512847	0.776595745
0.037512847	0.768421053
0.037512847	0.760416667
0.037512847	0.75257732
0.037512847	0.744897959
0.037512847	0.737373737
0.037512847	0.73
0.037512847	0.722772277
0.037512847	0.715686275
0.037512847	0.708737864
0.037512847	0.701923077
0.037512847	0.695238095
0.038026721	0.698113208
0.038540596	0.700934579
0.039054471	0.703703704
0.039568345	0.706422018
0.039568345	0.7
0.04008222	0.702702703
0.040596095	0.705357143
0.041109969	0.707964602
0.041623844	0.710526316
0.042137718	0.713043478
0.042651593	0.715517241
0.042651593	0.709401709
0.042651593	0.703389831
0.043165468	0.705882353
0.043679342	0.708333333
0.044193217	0.710743802
0.044193217	0.704918033
0.044193217	0.699186992
0.044193217	0.693548387
0.044707091	0.696
0.045220966	0.698412698
0.045220966	0.692913386
0.045220966	0.6875
0.045734841	0.689922481
0.046248715	0.692307692
0.04676259	0.694656489
0.047276465	0.696969697
0.047790339	0.69924812
0.047790339	0.694029851
0.047790339	0.688888889
0.048304214	0.691176471
0.048304214	0.686131387
0.048818088	0.688405797
0.049331963	0.690647482
0.049331963	0.685714286
0.049331963	0.680851064
0.049331963	0.676056338
0.049845838	0.678321678
0.050359712	0.680555556
0.050873587	0.682758621
0.051387461	0.684931507
0.051901336	0.68707483
0.052415211	0.689189189
0.052929085	0.691275168
0.05344296	0.693333333
0.053956835	0.695364238
0.054470709	0.697368421
0.054984584	0.699346405
0.055498458	0.701298701
0.056012333	0.703225806
0.056526208	0.705128205
0.057040082	0.707006369
0.057553957	0.708860759
0.057553957	0.704402516
0.057553957	0.7
0.057553957	0.695652174
0.057553957	0.691358025
0.057553957	0.687116564
0.057553957	0.682926829
0.058067831	0.684848485
0.058067831	0.680722892
0.058581706	0.682634731
0.058581706	0.678571429
0.058581706	0.674556213
0.059095581	0.676470588
0.059609455	0.678362573
0.06012333	0.680232558
0.060637205	0.682080925
0.061151079	0.683908046
0.061664954	0.685714286
0.062178828	0.6875
0.062178828	0.683615819
0.062178828	0.679775281
0.062692703	0.681564246
0.063206578	0.683333333
0.063206578	0.679558011
0.063720452	0.681318681
0.064234327	0.683060109
0.064234327	0.679347826
0.064748201	0.681081081
0.065262076	0.682795699
0.065775951	0.684491979
0.065775951	0.680851064
0.066289825	0.682539683
0.0668037	0.684210526
0.0668037	0.680628272
0.067317575	0.682291667
0.067317575	0.678756477
0.067317575	0.675257732
0.067831449	0.676923077
0.067831449	0.673469388
0.068345324	0.675126904
0.068859198	0.676767677
0.068859198	0.673366834
0.068859198	0.67
0.068859198	0.666666667
0.068859198	0.663366337
0.069373073	0.665024631
0.069886948	0.666666667
0.070400822	0.668292683
0.070914697	0.669902913
0.071428571	0.671497585
0.071942446	0.673076923
0.072456321	0.674641148
0.072970195	0.676190476
0.07348407	0.677725118
0.073997945	0.679245283
0.074511819	0.680751174
0.074511819	0.677570093
0.074511819	0.674418605
0.074511819	0.671296296
0.074511819	0.668202765
0.074511819	0.665137615
0.075025694	0.666666667
0.075025694	0.663636364
0.075025694	0.660633484
0.075025694	0.657657658
0.075539568	0.659192825
0.075539568	0.65625
0.075539568	0.653333333
0.075539568	0.650442478
0.075539568	0.647577093
0.075539568	0.644736842
0.076053443	0.64628821
0.076567318	0.647826087
0.077081192	0.649350649
0.077595067	0.650862069
0.078108941	0.652360515
0.078108941	0.64957265
0.078622816	0.65106383
0.079136691	0.652542373
0.079650565	0.654008439
0.079650565	0.651260504
0.079650565	0.648535565
0.079650565	0.645833333
0.079650565	0.643153527
0.08016444	0.644628099
0.080678314	0.646090535
0.081192189	0.647540984
0.081706064	0.648979592
0.082219938	0.650406504
0.082733813	0.651821862
0.083247688	0.653225806
0.083247688	0.65060241
0.083761562	0.652
0.083761562	0.64940239
0.084275437	0.650793651
0.084275437	0.648221344
0.084789311	0.649606299
0.084789311	0.647058824
0.084789311	0.64453125
0.085303186	0.645914397
0.085817061	0.647286822
0.086330935	0.648648649
0.086330935	0.646153846
0.08684481	0.647509579
0.08684481	0.645038168
0.08684481	0.642585551
0.087358684	0.643939394
0.087872559	0.645283019
0.088386434	0.646616541
0.088386434	0.644194757
0.088900308	0.645522388
0.089414183	0.646840149
0.089414183	0.644444444
0.089414183	0.642066421
0.089414183	0.639705882
0.089414183	0.637362637
0.089928058	0.638686131
0.090441932	0.64
0.090955807	0.641304348
0.091469681	0.642599278
0.091983556	0.643884892
0.092497431	0.64516129
0.092497431	0.642857143
0.093011305	0.644128114
0.093011305	0.641843972
0.09352518	0.643109541
0.09352518	0.64084507
0.094039054	0.642105263
0.094039054	0.63986014
0.094552929	0.641114983
0.095066804	0.642361111
0.095066804	0.640138408
0.095580678	0.64137931
0.095580678	0.639175258
0.095580678	0.636986301
0.095580678	0.634812287
0.095580678	0.632653061
0.096094553	0.633898305
0.096608428	0.635135135
0.097122302	0.636363636
0.097122302	0.634228188
0.097122302	0.632107023
0.097636177	0.633333333
0.098150051	0.634551495
0.098663926	0.635761589
0.099177801	0.636963696
0.099691675	0.638157895
0.099691675	0.636065574
0.099691675	0.633986928
0.099691675	0.631921824
0.099691675	0.62987013
0.099691675	0.627831715
0.099691675	0.625806452
0.099691675	0.623794212
0.099691675	0.621794872
0.099691675	0.619808307
0.099691675	0.617834395
0.099691675	0.615873016
0.099691675	0.613924051
0.099691675	0.611987382
0.10020555	0.613207547
0.100719424	0.614420063
0.100719424	0.6125
0.100719424	0.6105919
0.100719424	0.608695652
0.100719424	0.606811146
0.101233299	0.608024691
0.101233299	0.606153846
0.101233299	0.604294479
0.101233299	0.602446483
0.101233299	0.600609756
0.101747174	0.601823708
0.101747174	0.6
0.101747174	0.598187311
0.101747174	0.596385542
0.102261048	0.597597598
0.102774923	0.598802395
0.102774923	0.597014925
0.102774923	0.595238095
0.102774923	0.59347181
0.103288798	0.594674556
0.103802672	0.595870206
0.104316547	0.597058824
0.104316547	0.595307918
0.104316547	0.593567251
0.104830421	0.594752187
0.104830421	0.593023256
0.104830421	0.591304348
0.105344296	0.592485549
0.105858171	0.593659942
0.105858171	0.591954023
0.105858171	0.59025788
0.105858171	0.588571429
0.105858171	0.586894587
0.105858171	0.585227273
0.105858171	0.583569405
0.105858171	0.581920904
0.105858171	0.58028169
0.106372045	0.581460674
0.106372045	0.579831933
0.106372045	0.578212291
0.106372045	0.576601671
0.106372045	0.575
0.106372045	0.573407202
0.10688592	0.574585635
0.10688592	0.573002755
0.10688592	0.571428571
0.10688592	0.569863014
0.10688592	0.568306011
0.10688592	0.566757493
0.10688592	0.565217391
0.107399794	0.566395664
0.107913669	0.567567568
0.107913669	0.566037736
0.108427544	0.567204301
0.108427544	0.565683646
0.108427544	0.564171123
0.108941418	0.565333333
0.108941418	0.563829787
0.109455293	0.564986737
0.109969168	0.566137566
0.109969168	0.564643799
0.110483042	0.565789474
0.110483042	0.564304462
0.110996917	0.565445026
0.111510791	0.566579634
0.111510791	0.565104167
0.111510791	0.563636364
0.111510791	0.562176166
0.111510791	0.560723514
0.111510791	0.559278351
0.112024666	0.560411311
0.112024666	0.558974359
0.112024666	0.557544757
0.112538541	0.558673469
0.112538541	0.557251908
0.112538541	0.555837563
0.112538541	0.55443038
0.112538541	0.553030303
0.112538541	0.55163728
0.112538541	0.550251256
0.112538541	0.54887218
0.112538541	0.5475
0.112538541	0.546134663
0.113052415	0.547263682
0.113052415	0.545905707
0.113052415	0.544554455
0.113052415	0.543209877
0.11356629	0.544334975
0.11356629	0.542997543
0.11356629	0.541666667
0.114080164	0.542787286
0.114080164	0.541463415
0.114080164	0.540145985
0.114080164	0.538834951
0.114594039	0.539951574
0.115107914	0.541062802
0.115107914	0.539759036
0.115621788	0.540865385
0.115621788	0.539568345
0.115621788	0.538277512
0.115621788	0.53699284
0.115621788	0.535714286
0.116135663	0.536817102
0.116135663	0.535545024
0.116649538	0.536643026
0.116649538	0.535377358
0.116649538	0.534117647
0.117163412	0.535211268
0.117677287	0.536299766
0.117677287	0.535046729
0.117677287	0.533799534
0.117677287	0.53255814
0.117677287	0.531322506
0.117677287	0.530092593
0.118191161	0.531177829
0.118191161	0.529953917
0.118191161	0.528735632
0.118705036	0.529816514
0.119218911	0.530892449
0.119732785	0.53196347
0.119732785	0.530751708
0.119732785	0.529545455
0.12024666	0.530612245
0.120760534	0.531674208
0.121274409	0.532731377
0.121274409	0.531531532
0.121274409	0.530337079
0.121274409	0.529147982
0.121788284	0.530201342
0.121788284	0.529017857
0.121788284	0.527839644
0.121788284	0.526666667
0.121788284	0.525498891
0.121788284	0.524336283
0.122302158	0.525386313
0.122816033	0.526431718
0.122816033	0.525274725
0.122816033	0.524122807
0.122816033	0.52297593
0.123329908	0.524017467
0.123843782	0.525054466
0.124357657	0.526086957
0.124871531	0.527114967
0.124871531	0.525974026
0.124871531	0.524838013
0.124871531	0.523706897
0.124871531	0.522580645
0.124871531	0.521459227
0.124871531	0.520342612
0.124871531	0.519230769
0.124871531	0.518123667
0.124871531	0.517021277
0.124871531	0.515923567
0.124871531	0.514830508
0.124871531	0.513742072
0.124871531	0.512658228
0.124871531	0.511578947
0.124871531	0.510504202
0.124871531	0.509433962
0.124871531	0.508368201
0.124871531	0.507306889
0.124871531	0.50625
0.124871531	0.505197505
0.124871531	0.504149378
0.124871531	0.50310559
0.124871531	0.502066116
0.124871531	0.501030928
0.124871531	0.5
0.124871531	0.498973306
0.124871531	0.49795082
0.124871531	0.496932515
0.124871531	0.495918367
0.124871531	0.49490835
0.124871531	0.493902439
0.124871531	0.492900609
0.124871531	0.491902834
0.124871531	0.490909091
0.124871531	0.489919355
0.124871531	0.488933602
0.124871531	0.487951807
0.124871531	0.486973948
0.124871531	0.486
0.124871531	0.48502994
0.124871531	0.484063745
0.125385406	0.485089463
0.125385406	0.484126984
0.125899281	0.485148515
0.126413155	0.486166008
0.126413155	0.485207101
0.126413155	0.484251969
0.126413155	0.483300589
0.126413155	0.482352941
0.126413155	0.481409002
0.126413155	0.48046875
0.126413155	0.479532164
0.12692703	0.480544747
0.127440904	0.481553398
0.127440904	0.480620155
0.127440904	0.479690522
0.127440904	0.478764479
0.127440904	0.477842004
0.127440904	0.476923077
0.127440904	0.476007678
0.127954779	0.477011494
0.127954779	0.476099426
0.127954779	0.47519084
0.128468654	0.476190476
0.128468654	0.475285171
0.128982528	0.476280835
0.128982528	0.475378788
0.128982528	0.474480151
0.128982528	0.473584906
0.129496403	0.474576271
0.129496403	0.473684211
0.129496403	0.472795497
0.130010277	0.473782772
0.130010277	0.472897196
0.130524152	0.473880597
0.130524152	0.472998138
0.130524152	0.472118959
0.131038027	0.47309833
0.131551901	0.474074074
0.131551901	0.473197782
0.131551901	0.472324723
0.131551901	0.47145488
0.132065776	0.472426471
0.132065776	0.471559633
0.132065776	0.470695971
0.132065776	0.469835466
0.132065776	0.468978102
0.132065776	0.468123862
0.132065776	0.467272727
0.132065776	0.466424682
0.132065776	0.46557971
0.132579651	0.466546112
0.132579651	0.465703971
0.132579651	0.464864865
0.133093525	0.465827338
0.133093525	0.464991023
0.133093525	0.464157706
0.133093525	0.46332737
0.133093525	0.4625
0.1336074	0.463458111
0.134121274	0.464412811
0.134635149	0.465364121
0.134635149	0.464539007
0.134635149	0.463716814
0.134635149	0.462897527
0.135149024	0.463844797
0.135662898	0.464788732
0.135662898	0.46397188
0.135662898	0.463157895
0.135662898	0.46234676
0.136176773	0.463286713
0.136176773	0.462478185
0.136176773	0.461672474
0.136176773	0.460869565
0.136690647	0.461805556
0.136690647	0.461005199
0.137204522	0.461937716
0.137718397	0.462867012
0.138232271	0.463793103
0.138746146	0.464716007
0.138746146	0.463917526
0.139260021	0.46483705
0.139260021	0.464041096
0.139773895	0.464957265
0.14028777	0.465870307
0.140801644	0.466780239
0.140801644	0.465986395
0.140801644	0.465195246
0.140801644	0.46440678
0.140801644	0.463620981
0.141315519	0.464527027
0.141315519	0.463743676
0.141315519	0.462962963
0.141829394	0.463865546
0.141829394	0.463087248
0.141829394	0.462311558
0.141829394	0.461538462
0.142343268	0.462437396
0.142857143	0.463333333
0.142857143	0.462562396
0.142857143	0.46179402
0.142857143	0.461028192
0.142857143	0.460264901
0.143371017	0.461157025
0.143371017	0.46039604
0.143371017	0.459637562
0.143371017	0.458881579
0.143371017	0.458128079
0.143884892	0.459016393
0.143884892	0.458265139
0.143884892	0.45751634
0.143884892	0.456769984
0.143884892	0.456026059
0.143884892	0.455284553
0.143884892	0.454545455
0.143884892	0.453808752
0.143884892	0.453074434
0.143884892	0.452342488
0.144398767	0.453225806
0.144398767	0.452495974
0.144912641	0.453376206
0.144912641	0.452648475
0.145426516	0.453525641
0.145426516	0.4528
0.145940391	0.453674121
0.145940391	0.452950558
0.146454265	0.453821656
0.146454265	0.453100159
0.146454265	0.452380952
0.146454265	0.451664025
0.146454265	0.450949367
0.14696814	0.451816746
0.14696814	0.451104101
0.14696814	0.450393701
0.147482014	0.451257862
0.147995889	0.452119309
0.148509764	0.452978056
0.148509764	0.452269171
0.148509764	0.4515625
0.148509764	0.450858034
0.148509764	0.450155763
0.148509764	0.449455677
0.148509764	0.448757764
0.148509764	0.448062016
0.149023638	0.448916409
0.149023638	0.448222566
0.149023638	0.447530864
0.149023638	0.446841294
0.149537513	0.447692308
0.150051387	0.448540707
0.150051387	0.447852761
0.150051387	0.447166922
0.150051387	0.44648318
0.150051387	0.445801527
0.150051387	0.445121951
0.150565262	0.445966514
0.150565262	0.445288754
0.150565262	0.44461305
0.150565262	0.443939394
0.151079137	0.444780635
0.151079137	0.444108761
0.151079137	0.443438914
0.151079137	0.442771084
0.151079137	0.442105263
0.151593011	0.442942943
0.151593011	0.442278861
0.151593011	0.441616766
0.152106886	0.44245142
0.152106886	0.441791045
0.152106886	0.441132638
0.152620761	0.441964286
0.153134635	0.442793462
0.153134635	0.442136499
0.153134635	0.441481481
0.15364851	0.442307692
0.15364851	0.441654357
0.15364851	0.44100295
0.15364851	0.440353461
0.15364851	0.439705882
0.15364851	0.439060206
0.15364851	0.438416422
0.15364851	0.437774524
0.154162384	0.438596491
0.154162384	0.437956204
0.154676259	0.43877551
0.155190134	0.439592431
0.155704008	0.440406977
0.155704008	0.439767779
0.155704008	0.439130435
0.155704008	0.438494935
0.155704008	0.437861272
0.155704008	0.437229437
0.155704008	0.436599424
0.155704008	0.435971223
0.155704008	0.435344828
0.155704008	0.43472023
0.155704008	0.434097421
0.155704008	0.433476395
0.155704008	0.432857143
0.155704008	0.432239658
0.155704008	0.431623932
0.155704008	0.431009957
0.155704008	0.430397727
0.155704008	0.429787234
0.156217883	0.430594901
0.156217883	0.429985856
0.156217883	0.429378531
0.156217883	0.42877292
0.156217883	0.428169014
0.156217883	0.427566807
0.156217883	0.426966292
0.156217883	0.426367461
0.156217883	0.425770308
0.156217883	0.425174825
0.156217883	0.424581006
0.156217883	0.423988842
0.156731757	0.424791086
0.156731757	0.424200278
0.156731757	0.423611111
0.156731757	0.423023578
0.156731757	0.422437673
0.156731757	0.421853389
0.156731757	0.421270718
0.156731757	0.420689655
0.156731757	0.420110193
0.156731757	0.419532325
0.157245632	0.42032967
0.157759507	0.421124829
0.157759507	0.420547945
0.158273381	0.421340629
0.158787256	0.422131148
0.158787256	0.421555252
0.158787256	0.420980926
0.158787256	0.420408163
0.159301131	0.421195652
0.159301131	0.420624152
0.159815005	0.421409214
0.159815005	0.420838972
0.159815005	0.42027027
0.159815005	0.419703104
0.159815005	0.419137466
0.16032888	0.419919246
0.16032888	0.419354839
0.16032888	0.418791946
0.160842754	0.419571046
0.160842754	0.419009371
0.161356629	0.419786096
0.161356629	0.419225634
0.161870504	0.42
0.162384378	0.420772304
0.162384378	0.420212766
0.162384378	0.419654714
0.162384378	0.419098143
0.162384378	0.418543046
0.162898253	0.419312169
0.162898253	0.418758256
0.162898253	0.418205805
0.162898253	0.417654809
0.162898253	0.417105263
0.163412127	0.417871222
0.163412127	0.417322835
0.163412127	0.416775885
0.163412127	0.416230366
0.163412127	0.415686275
0.163926002	0.416449086
0.163926002	0.415906128
0.163926002	0.415364583
0.163926002	0.414824447
0.163926002	0.414285714
0.164439877	0.415045396
0.164439877	0.414507772
0.164953751	0.415265201
0.164953751	0.414728682
0.165467626	0.415483871
0.165981501	0.416237113
0.165981501	0.415701416
0.165981501	0.415167095
0.165981501	0.414634146
0.166495375	0.415384615
0.166495375	0.414852753
0.166495375	0.414322251
0.166495375	0.413793103
0.166495375	0.413265306
0.16700925	0.414012739
0.16700925	0.413486005
0.167523124	0.414231258
0.167523124	0.413705584
0.167523124	0.413181242
0.167523124	0.412658228
0.167523124	0.412136536
0.167523124	0.411616162
0.168036999	0.412358134
0.168036999	0.411838791
0.168550874	0.412578616
0.168550874	0.412060302
0.168550874	0.411543287
0.168550874	0.411027569
0.169064748	0.411764706
0.169064748	0.41125
0.169578623	0.411985019
0.170092497	0.412718204
0.170092497	0.412204234
0.170092497	0.411691542
0.170606372	0.41242236
0.170606372	0.41191067
0.170606372	0.411400248
0.170606372	0.410891089
0.170606372	0.410383189
0.171120247	0.411111111
0.171120247	0.410604192
0.171120247	0.410098522
0.171634121	0.410824108
0.172147996	0.411547912
0.172147996	0.411042945
0.172147996	0.410539216
0.172147996	0.41003672
0.172147996	0.409535452
0.172147996	0.409035409
0.172147996	0.408536585
0.172147996	0.408038977
0.172147996	0.407542579
0.172147996	0.407047388
0.172147996	0.406553398
0.172147996	0.406060606
0.172661871	0.406779661
0.173175745	0.407496977
0.17368962	0.40821256
0.17368962	0.407720145
0.174203494	0.408433735
0.174717369	0.409145608
0.175231244	0.409855769
0.175231244	0.409363745
0.175231244	0.408872902
0.175231244	0.408383234
0.175231244	0.407894737
0.175745118	0.408602151
0.175745118	0.408114558
0.175745118	0.407628129
0.175745118	0.407142857
0.176258993	0.4078478
0.176258993	0.40736342
0.176258993	0.40688019
0.176258993	0.406398104
0.176258993	0.40591716
0.176258993	0.405437352
0.176258993	0.404958678
0.176258993	0.404481132
0.176258993	0.404004711
0.176772867	0.404705882
0.176772867	0.404230317
0.176772867	0.403755869
0.176772867	0.403282532
0.176772867	0.402810304
0.176772867	0.402339181
0.177286742	0.403037383
0.177286742	0.402567095
0.177286742	0.402097902
0.177286742	0.401629802
0.177286742	0.401162791
0.177800617	0.401858304
0.177800617	0.401392111
0.178314491	0.402085747
0.178314491	0.40162037
0.178314491	0.401156069
0.178828366	0.401847575
0.178828366	0.401384083
0.17934224	0.402073733
0.17934224	0.401611047
0.17934224	0.401149425
0.17934224	0.400688863
0.17934224	0.400229358
0.17934224	0.399770905
0.17934224	0.399313501
0.17934224	0.398857143
0.17934224	0.398401826
0.17934224	0.397947548
0.17934224	0.397494305
0.17934224	0.397042093
0.179856115	0.397727273
0.179856115	0.397275823
0.179856115	0.396825397
0.18036999	0.397508494
0.180883864	0.398190045
0.180883864	0.397740113
0.180883864	0.397291196
0.181397739	0.397970688
0.181911614	0.398648649
0.182425488	0.399325084
0.182425488	0.398876404
0.182425488	0.398428732
0.182425488	0.397982063
0.182939363	0.398656215
0.182939363	0.398210291
0.182939363	0.397765363
0.182939363	0.397321429
0.182939363	0.396878484
0.182939363	0.396436526
0.182939363	0.395995551
0.182939363	0.395555556
0.182939363	0.395116537
0.182939363	0.394678492
0.182939363	0.394241417
0.183453237	0.394911504
0.183453237	0.394475138
0.183453237	0.394039735
0.183453237	0.393605292
0.183453237	0.393171806
0.183967112	0.393839384
0.184480987	0.394505495
0.184480987	0.394072448
0.184994861	0.394736842
0.185508736	0.395399781
0.185508736	0.394967177
0.18602261	0.395628415
0.18602261	0.395196507
0.18602261	0.39476554
0.18602261	0.394335512
0.186536485	0.394994559
0.18705036	0.395652174
0.18705036	0.395222584
0.187564234	0.395878525
0.187564234	0.395449621
0.188078109	0.396103896
0.188078109	0.395675676
0.188078109	0.39524838
0.188078109	0.394822006
0.188591984	0.395474138
0.188591984	0.395048439
0.188591984	0.394623656
0.188591984	0.394199785
0.188591984	0.393776824
0.188591984	0.39335477
0.188591984	0.392933619
0.188591984	0.392513369
0.188591984	0.392094017
0.188591984	0.39167556
0.188591984	0.391257996
0.188591984	0.390841321
0.188591984	0.390425532
0.189105858	0.391073326
0.189105858	0.390658174
0.189105858	0.390243902
0.189105858	0.389830508
0.189105858	0.389417989
0.189105858	0.389006342
0.189105858	0.388595565
0.189105858	0.388185654
0.189105858	0.387776607
0.189105858	0.387368421
0.189619733	0.388012618
0.189619733	0.387605042
0.189619733	0.387198321
0.189619733	0.386792453
0.189619733	0.386387435
0.189619733	0.385983264
0.189619733	0.385579937
0.189619733	0.385177453
0.189619733	0.384775808
0.189619733	0.384375
0.190133607	0.385015609
0.190133607	0.384615385
0.190133607	0.384215992
0.190133607	0.383817427
0.190133607	0.383419689
0.190647482	0.384057971
0.190647482	0.383660807
0.190647482	0.383264463
0.190647482	0.382868937
0.190647482	0.382474227
0.190647482	0.38208033
0.190647482	0.381687243
0.191161357	0.382322713
0.191675231	0.382956879
0.191675231	0.382564103
0.191675231	0.382172131
0.191675231	0.381780962
0.191675231	0.381390593
0.191675231	0.381001021
0.191675231	0.380612245
0.191675231	0.380224261
0.191675231	0.379837067
0.192189106	0.380467955
0.192189106	0.380081301
0.192189106	0.379695431
0.19270298	0.380324544
0.193216855	0.380952381
0.193216855	0.380566802
0.19373073	0.381193124
0.19373073	0.380808081
0.19373073	0.380423814
0.19373073	0.380040323
0.194244604	0.380664653
0.194244604	0.38028169
0.194244604	0.379899497
0.194758479	0.380522088
0.194758479	0.380140421
0.194758479	0.379759519
0.195272354	0.38038038
0.195272354	0.38
0.195786228	0.380619381
0.195786228	0.380239521
0.196300103	0.380857428
0.196813977	0.381474104
0.196813977	0.381094527
0.196813977	0.380715706
0.196813977	0.380337637
0.196813977	0.379960317
0.197327852	0.380574827
0.197841727	0.381188119
0.197841727	0.380811078
0.198355601	0.381422925
0.198869476	0.382033564
0.198869476	0.381656805
0.198869476	0.381280788
0.198869476	0.380905512
0.198869476	0.380530973
0.198869476	0.380157171
0.198869476	0.379784102
0.198869476	0.379411765
0.198869476	0.379040157
0.198869476	0.378669276
0.198869476	0.37829912
0.198869476	0.377929688
0.198869476	0.377560976
0.198869476	0.377192982
0.198869476	0.376825706
0.198869476	0.376459144
0.198869476	0.376093294
0.198869476	0.375728155
0.198869476	0.375363725
0.198869476	0.375
0.198869476	0.37463698
0.198869476	0.374274662
0.198869476	0.373913043
0.19938335	0.374517375
0.19938335	0.37415622
0.19938335	0.373795761
0.19938335	0.373435996
0.19938335	0.373076923
0.19938335	0.37271854
0.199897225	0.373320537
0.199897225	0.372962608
0.2004111	0.373563218
0.2004111	0.373205742
0.200924974	0.373804971
0.201438849	0.374403056
0.201438849	0.374045802
0.201438849	0.373689228
0.201438849	0.373333333
0.201438849	0.372978116
0.201438849	0.372623574
0.201438849	0.372269706
0.201438849	0.371916509
0.201438849	0.371563981
0.201438849	0.371212121
0.201438849	0.370860927
0.201438849	0.370510397
0.201438849	0.370160529
0.201438849	0.369811321
0.201438849	0.369462771
0.201438849	0.369114878
0.201438849	0.368767639
0.201438849	0.368421053
0.201438849	0.368075117
0.201438849	0.367729831
0.201438849	0.367385192
0.201438849	0.367041199
0.201438849	0.366697848
0.201438849	0.36635514
0.201952724	0.366946779
0.201952724	0.366604478
0.201952724	0.366262815
0.201952724	0.365921788
0.201952724	0.365581395
0.201952724	0.365241636
0.201952724	0.364902507
0.202466598	0.365491651
0.202466598	0.365152919
0.202466598	0.364814815
0.202466598	0.364477336
0.202980473	0.365064695
0.203494347	0.36565097
0.203494347	0.365313653
0.203494347	0.364976959
0.203494347	0.364640884
0.203494347	0.364305428
0.203494347	0.363970588
0.203494347	0.363636364
0.203494347	0.363302752
0.204008222	0.363886343
0.204008222	0.363553114
0.204008222	0.363220494
0.204522097	0.363802559
0.204522097	0.36347032
0.204522097	0.363138686
0.204522097	0.362807657
0.205035971	0.363387978
0.205035971	0.363057325
0.205035971	0.362727273
0.205035971	0.36239782
0.205035971	0.362068966
0.205035971	0.361740707
0.205035971	0.361413043
0.205549846	0.36199095
0.205549846	0.361663653
0.205549846	0.361336947
0.205549846	0.36101083
0.205549846	0.360685302
0.205549846	0.36036036
0.205549846	0.360036004
0.205549846	0.35971223
0.20606372	0.360287511
0.20606372	0.359964093
0.20606372	0.359641256
0.20606372	0.359318996
0.20606372	0.358997314
0.20606372	0.358676208
0.206577595	0.35924933
0.206577595	0.358928571
0.206577595	0.358608385
0.206577595	0.35828877
0.206577595	0.357969724
0.206577595	0.357651246
0.206577595	0.357333333
0.206577595	0.357015986
0.206577595	0.356699201
0.20709147	0.357269504
0.20709147	0.356953056
0.207605344	0.357522124
0.207605344	0.357206012
0.207605344	0.356890459
0.207605344	0.356575463
0.207605344	0.356261023
0.207605344	0.355947137
0.207605344	0.355633803
0.207605344	0.35532102
0.207605344	0.355008787
0.207605344	0.354697103
0.207605344	0.354385965
0.207605344	0.354075372
0.208119219	0.354640981
0.208633094	0.355205599
0.208633094	0.354895105
0.208633094	0.354585153
0.208633094	0.354275742
0.208633094	0.35396687
0.208633094	0.353658537
0.208633094	0.35335074
0.208633094	0.353043478
0.208633094	0.352736751
0.208633094	0.352430556
0.208633094	0.352124892
0.208633094	0.351819757
0.208633094	0.351515152
0.208633094	0.351211073
0.208633094	0.350907519
0.208633094	0.350604491
0.208633094	0.350301984
0.208633094	0.35
0.208633094	0.349698536
0.208633094	0.34939759
0.208633094	0.349097163
0.208633094	0.348797251
0.208633094	0.348497854
0.208633094	0.348198971
0.208633094	0.3479006
0.208633094	0.34760274
0.208633094	0.347305389
0.208633094	0.347008547
0.208633094	0.346712212
0.208633094	0.346416382
0.208633094	0.346121057
0.208633094	0.345826235
0.208633094	0.345531915
0.208633094	0.345238095
0.208633094	0.344944775
0.208633094	0.344651952
0.208633094	0.344359627
0.208633094	0.344067797
0.208633094	0.343776461
0.208633094	0.343485618
0.208633094	0.343195266
0.208633094	0.342905405
0.208633094	0.342616034
0.208633094	0.34232715
0.208633094	0.342038753
0.208633094	0.341750842
0.208633094	0.341463415
0.208633094	0.341176471
0.208633094	0.340890008
0.208633094	0.340604027
0.208633094	0.340318525
0.208633094	0.340033501
0.208633094	0.339748954
0.208633094	0.339464883
0.209146968	0.340016708
0.209660843	0.340567613
0.209660843	0.34028357
0.209660843	0.34
0.210174717	0.340549542
0.210174717	0.340266223
0.210174717	0.339983375
0.210688592	0.340531561
0.210688592	0.340248963
0.210688592	0.339966833
0.211202467	0.34051367
0.211202467	0.340231788
0.211202467	0.339950372
0.211202467	0.339669421
0.211202467	0.339388935
0.211202467	0.339108911
0.211202467	0.338829349
0.211202467	0.338550247
0.211716341	0.33909465
0.211716341	0.338815789
0.211716341	0.338537387
0.211716341	0.338259442
0.211716341	0.337981952
0.211716341	0.337704918
0.211716341	0.337428337
0.212230216	0.33797054
0.212230216	0.337694195
0.212230216	0.337418301
0.212230216	0.337142857
0.212230216	0.336867863
0.212230216	0.336593317
0.21274409	0.33713355
0.21274409	0.336859235
0.213257965	0.337398374
0.213257965	0.337124289
0.213257965	0.336850649
0.213257965	0.336577453
0.213257965	0.3363047
0.213257965	0.336032389
0.213257965	0.335760518
0.213257965	0.335489086
0.213257965	0.335218094
0.213257965	0.334947538
0.213257965	0.334677419
0.21377184	0.335213537
0.21377184	0.334943639
0.21377184	0.334674175
0.21377184	0.334405145
0.21377184	0.334136546
0.21377184	0.333868379
0.21377184	0.333600642
0.214285714	0.334134615
0.214285714	0.333867094
0.214285714	0.3336
0.214285714	0.333333333
0.214799589	0.333865815
0.214799589	0.333599362
0.214799589	0.333333333
0.214799589	0.333067729
0.214799589	0.332802548
0.214799589	0.332537788
0.214799589	0.33227345
0.214799589	0.332009531
0.215313464	0.332539683
0.215313464	0.332275971
0.215313464	0.332012678
0.215313464	0.331749802
0.215827338	0.332278481
0.215827338	0.33201581
0.215827338	0.331753555
0.215827338	0.331491713
0.215827338	0.331230284
0.215827338	0.330969267
0.215827338	0.330708661
0.215827338	0.330448466
0.215827338	0.330188679
0.215827338	0.329929301
0.216341213	0.330455259
0.216855087	0.330980392
0.216855087	0.330721003
0.216855087	0.33046202
0.216855087	0.330203443
0.217368962	0.330727131
0.217368962	0.33046875
0.217368962	0.330210773
0.217368962	0.329953198
0.217368962	0.329696025
0.217368962	0.329439252
0.217368962	0.329182879
0.217368962	0.328926905
0.217368962	0.328671329
0.217368962	0.328416149
0.217368962	0.328161365
0.217368962	0.327906977
0.217368962	0.327652982
0.217368962	0.327399381
0.217368962	0.327146172
0.217368962	0.326893354
0.217368962	0.326640927
0.217368962	0.326388889
0.217368962	0.32613724
0.217368962	0.325885978
0.217368962	0.325635104
0.217368962	0.325384615
0.217368962	0.325134512
0.217368962	0.324884793
0.217368962	0.324635457
0.217882837	0.325153374
0.217882837	0.324904215
0.218396711	0.325421133
0.218396711	0.32517215
0.218396711	0.324923547
0.218396711	0.324675325
0.218396711	0.324427481
0.218396711	0.324180015
0.218910586	0.324695122
0.218910586	0.324447829
0.218910586	0.324200913
0.218910586	0.323954373
0.218910586	0.323708207
0.218910586	0.323462415
0.218910586	0.323216995
0.218910586	0.322971948
0.218910586	0.322727273
0.21942446	0.32323997
0.21942446	0.322995461
0.21942446	0.322751323
0.21942446	0.322507553
0.21942446	0.322264151
0.21942446	0.322021116
0.21942446	0.321778448
0.21942446	0.321536145
0.21942446	0.321294206
0.21942446	0.321052632
0.21942446	0.32081142
0.21942446	0.320570571
0.219938335	0.32108027
0.219938335	0.32083958
0.219938335	0.320599251
0.219938335	0.320359281
0.219938335	0.320119671
0.219938335	0.319880419
0.22045221	0.32038835
0.22045221	0.320149254
0.22045221	0.319910515
0.22045221	0.319672131
0.22045221	0.319434103
0.22045221	0.319196429
0.220966084	0.319702602
0.220966084	0.319465082
0.220966084	0.319227914
0.221479959	0.319732938
0.221993834	0.320237213
0.221993834	0.32
0.221993834	0.319763138
0.221993834	0.319526627
0.222507708	0.320029564
0.222507708	0.319793205
0.222507708	0.319557196
0.222507708	0.319321534
0.222507708	0.31908622
0.222507708	0.318851252
0.222507708	0.31861663
0.222507708	0.318382353
0.222507708	0.31814842
0.222507708	0.317914831
0.223021583	0.31841526
0.223021583	0.318181818
0.223021583	0.317948718
0.223021583	0.317715959
0.223021583	0.317483541
0.223021583	0.317251462
0.223021583	0.317019722
0.223535457	0.317518248
0.223535457	0.317286652
0.223535457	0.317055394
0.223535457	0.316824472
0.223535457	0.316593886
0.224049332	0.317090909
0.224049332	0.316860465
0.224049332	0.316630356
0.224049332	0.316400581
0.224563207	0.316896302
0.224563207	0.316666667
0.224563207	0.316437364
0.224563207	0.316208394
0.224563207	0.315979754
0.225077081	0.316473988
0.225077081	0.316245487
0.225077081	0.316017316
0.225077081	0.315789474
0.225077081	0.31556196
0.225590956	0.316054716
0.225590956	0.315827338
0.225590956	0.315600288
0.225590956	0.315373563
0.225590956	0.315147164
0.225590956	0.31492109
0.225590956	0.314695341
0.225590956	0.314469914
0.225590956	0.31424481
0.225590956	0.314020029
0.225590956	0.313795568
0.225590956	0.313571429
0.22610483	0.314061385
0.22610483	0.313837375
0.22610483	0.313613685
0.22610483	0.313390313
0.22610483	0.31316726
0.22610483	0.312944523
0.22610483	0.312722104
0.22610483	0.3125
0.22610483	0.312278211
0.22610483	0.312056738
0.22610483	0.311835578
0.22610483	0.311614731
0.22610483	0.311394197
0.22610483	0.311173975
0.22610483	0.310954064
0.22610483	0.310734463
0.22610483	0.310515173
0.22610483	0.310296192
0.22610483	0.310077519
0.226618705	0.31056338
0.22713258	0.311048557
0.22713258	0.310829817
0.22713258	0.310611384
0.22713258	0.310393258
0.22713258	0.310175439
0.22713258	0.309957924
0.22713258	0.309740715
0.22713258	0.30952381
0.22713258	0.309307208
0.22713258	0.309090909
0.22713258	0.308874913
0.22713258	0.308659218
0.22713258	0.308443824
0.22713258	0.308228731
0.22713258	0.308013937
0.22713258	0.307799443
0.227646454	0.308281141
0.227646454	0.308066759
0.227646454	0.307852675
0.227646454	0.307638889
0.227646454	0.307425399
0.227646454	0.307212205
0.227646454	0.306999307
0.228160329	0.307479224
0.228160329	0.307266436
0.228160329	0.307053942
0.228160329	0.306841742
0.228160329	0.306629834
0.228674203	0.307108351
0.228674203	0.306896552
0.228674203	0.306685045
0.228674203	0.306473829
0.228674203	0.306262904
0.228674203	0.30605227
0.229188078	0.30652921
0.229188078	0.306318681
0.229188078	0.306108442
0.229188078	0.305898491
0.229188078	0.305688828
0.229188078	0.305479452
0.229188078	0.305270363
0.229188078	0.30506156
0.229188078	0.304853042
0.229188078	0.304644809
0.229188078	0.30443686
0.229188078	0.304229195
0.229188078	0.304021813
0.229188078	0.303814714
0.229188078	0.303607897
0.229188078	0.303401361
0.229188078	0.303195105
0.229188078	0.30298913
0.229188078	0.302783435
0.229188078	0.302578019
0.229188078	0.302372881
0.229188078	0.302168022
0.229188078	0.301963439

