Recall	Precision
0.0031847134	1
0.0031847134	1
0.0031847134	1
0.0063694268	1
0.0095541401	1
0.0127388535	1
0.0159235669	1
0.0191082803	1
0.0222929936	1
0.0222929936	1
0.0222929936	1
0.0222929936	1
0.025477707	1
0.025477707	1
0.0286624204	1
0.0286624204	1
0.0286624204	1
0.0286624204	1
0.0318471338	1
0.0350318471	1
0.0382165605	1
0.0414012739	1
0.0445859873	1
0.0445859873	1
0.0477707006	1
0.050955414	1
0.0541401274	1
0.0573248408	1
0.0605095541	1
0.0636942675	1
0.0668789809	1
0.0700636943	1
0.0732484076	1
0.076433121	1
0.076433121	1
0.0796178344	1
0.0828025478	1
0.0828025478	1
0.0828025478	1
0.0859872611	1
0.0859872611	1
0.0891719745	1
0.0891719745	1
0.0923566879	1
0.0923566879	1
0.0923566879	1
0.0923566879	1
0.0923566879	1
0.0923566879	1
0.0923566879	1
0.0923566879	1
0.0923566879	1
0.0923566879	1
0.0923566879	1
0.0955414013	1
0.0955414013	0.9677419355
0.0955414013	0.9677419355
0.0955414013	0.9677419355
0.0955414013	0.9677419355
0.0955414013	0.9677419355
0.0987261146	0.96875
0.101910828	0.9696969697
0.1050955414	0.9705882353
0.1082802548	0.9714285714
0.1114649682	0.9722222222
0.1114649682	0.9722222222
0.1114649682	0.9722222222
0.1114649682	0.9722222222
0.1114649682	0.9722222222
0.1114649682	0.9722222222
0.1114649682	0.9722222222
0.1114649682	0.9722222222
0.1114649682	0.9722222222
0.1114649682	0.9722222222
0.1114649682	0.9722222222
0.1114649682	0.9722222222
0.1114649682	0.9722222222
0.1114649682	0.9722222222
0.1146496815	0.972972973
0.1146496815	0.972972973
0.1146496815	0.972972973
0.1146496815	0.972972973
0.1178343949	0.9736842105
0.1210191083	0.9743589744
0.1242038217	0.975
0.127388535	0.9756097561
0.127388535	0.9523809524
0.127388535	0.9523809524
0.127388535	0.9523809524
0.127388535	0.9523809524
0.127388535	0.9523809524
0.127388535	0.9523809524
0.127388535	0.9523809524
0.127388535	0.9523809524
0.127388535	0.9523809524
0.127388535	0.9523809524
0.127388535	0.9523809524
0.127388535	0.9523809524
0.127388535	0.9523809524
0.127388535	0.9523809524
0.1305732484	0.9534883721
0.1305732484	0.9534883721
0.1305732484	0.9534883721
0.1305732484	0.9534883721
0.1305732484	0.9534883721
0.1337579618	0.9545454545
0.1337579618	0.9545454545
0.1337579618	0.9545454545
0.1369426752	0.9555555556
0.1369426752	0.9555555556
0.1401273885	0.9565217391
0.1401273885	0.9361702128
0.1401273885	0.9166666667
0.1401273885	0.9166666667
0.1433121019	0.9183673469
0.1464968153	0.92
0.1496815287	0.9215686275
0.1496815287	0.9215686275
0.1496815287	0.9215686275
0.1496815287	0.9215686275
0.1496815287	0.9215686275
0.1496815287	0.9215686275
0.1496815287	0.9215686275
0.152866242	0.9230769231
0.1560509554	0.9245283019
0.1592356688	0.9259259259
0.1592356688	0.9259259259
0.1624203822	0.9272727273
0.1624203822	0.9272727273
0.1624203822	0.9272727273
0.1656050955	0.9285714286
0.1656050955	0.9285714286
0.1656050955	0.9285714286
0.1656050955	0.9285714286
0.1687898089	0.9298245614
0.1687898089	0.9298245614
0.1687898089	0.9298245614
0.1687898089	0.9298245614
0.1719745223	0.9310344828
0.1751592357	0.9322033898
0.178343949	0.9333333333
0.1815286624	0.9344262295
0.1847133758	0.935483871
0.1847133758	0.935483871
0.1878980892	0.9365079365
0.1910828025	0.9375
0.1910828025	0.9375
0.1942675159	0.9384615385
0.1974522293	0.9393939394
0.1974522293	0.9393939394
0.1974522293	0.9393939394
0.2006369427	0.9402985075
0.2038216561	0.9411764706
0.2038216561	0.9411764706
0.2038216561	0.9411764706
0.2038216561	0.9411764706
0.2038216561	0.9411764706
0.2038216561	0.9411764706
0.2038216561	0.9411764706
0.2038216561	0.9411764706
0.2038216561	0.9411764706
0.2038216561	0.9411764706
0.2038216561	0.9411764706
0.2038216561	0.9411764706
0.2038216561	0.9411764706
0.2038216561	0.9411764706
0.2038216561	0.9411764706
0.2038216561	0.9411764706
0.2038216561	0.9275362319
0.2038216561	0.9275362319
0.2038216561	0.9275362319
0.2038216561	0.9142857143
0.2038216561	0.9142857143
0.2070063694	0.9154929577
0.2070063694	0.9027777778
0.2070063694	0.9027777778
0.2101910828	0.904109589
0.2101910828	0.904109589
0.2133757962	0.9054054054
0.2133757962	0.8933333333
0.2133757962	0.8815789474
0.2165605096	0.8831168831
0.2197452229	0.8846153846
0.2197452229	0.8846153846
0.2197452229	0.8846153846
0.2197452229	0.8734177215
0.2197452229	0.8625
0.2197452229	0.8518518519
0.2197452229	0.8518518519
0.2229299363	0.8536585366
0.2261146497	0.8554216867
0.2261146497	0.8452380952
0.2292993631	0.8470588235
0.2292993631	0.8470588235
0.2292993631	0.8372093023
0.2324840764	0.8390804598
0.2356687898	0.8409090909
0.2388535032	0.8426966292
0.2388535032	0.8333333333
0.2388535032	0.8333333333
0.2388535032	0.8333333333
0.2420382166	0.8351648352
0.2420382166	0.8351648352
0.2452229299	0.8369565217
0.2452229299	0.8369565217
0.2484076433	0.8387096774
0.2515923567	0.8404255319
0.2515923567	0.8315789474
0.2515923567	0.8229166667
0.2515923567	0.8229166667
0.2547770701	0.824742268
0.2547770701	0.824742268
0.2579617834	0.8265306122
0.2611464968	0.8282828283
0.2611464968	0.8282828283
0.2643312102	0.83
0.2643312102	0.83
0.2643312102	0.83
0.2643312102	0.83
0.2675159236	0.8316831683
0.2675159236	0.8316831683
0.2675159236	0.8316831683
0.2707006369	0.8333333333
0.2738853503	0.8349514563
0.2738853503	0.8349514563
0.2738853503	0.8349514563
0.2738853503	0.8349514563
0.2738853503	0.8349514563
0.2738853503	0.8349514563
0.2738853503	0.8349514563
0.2738853503	0.8349514563
0.2738853503	0.8349514563
0.2738853503	0.8349514563
0.2738853503	0.8349514563
0.2738853503	0.8349514563
0.2738853503	0.8349514563
0.2738853503	0.8349514563
0.2738853503	0.8349514563
0.2738853503	0.8349514563
0.2738853503	0.8349514563
0.2738853503	0.8349514563
0.2738853503	0.8349514563
0.2738853503	0.8349514563
0.2738853503	0.8349514563
0.2738853503	0.8349514563
0.2738853503	0.8349514563
0.2738853503	0.8349514563
0.2738853503	0.8349514563
0.2738853503	0.8349514563
0.2738853503	0.8349514563
0.2738853503	0.8349514563
0.2738853503	0.8349514563
0.2738853503	0.8349514563
0.2738853503	0.8349514563
0.2738853503	0.8349514563
0.2738853503	0.8349514563
0.2738853503	0.8349514563
0.2738853503	0.8349514563
0.2738853503	0.8349514563
0.2738853503	0.8349514563
0.2738853503	0.8349514563
0.2770700637	0.8365384615
0.2770700637	0.8365384615
0.2770700637	0.8365384615
0.2770700637	0.8365384615
0.2770700637	0.8285714286
0.2770700637	0.820754717
0.2770700637	0.820754717
0.2770700637	0.820754717
0.2770700637	0.820754717
0.2770700637	0.820754717
0.2770700637	0.820754717
0.2770700637	0.820754717
0.2770700637	0.820754717
0.2770700637	0.8130841121
0.2802547771	0.8148148148
0.2802547771	0.8073394495
0.2834394904	0.8090909091
0.2834394904	0.8090909091
0.2834394904	0.8018018018
0.2834394904	0.7946428571
0.2834394904	0.7946428571
0.2834394904	0.7876106195
0.2834394904	0.7876106195
0.2834394904	0.7876106195
0.2834394904	0.7876106195
0.2834394904	0.7807017544
0.2866242038	0.7826086957
0.2866242038	0.775862069
0.2866242038	0.775862069
0.2866242038	0.7692307692
0.2866242038	0.7627118644
0.2866242038	0.7627118644
0.2866242038	0.7627118644
0.2866242038	0.7627118644
0.2866242038	0.7627118644
0.2898089172	0.7647058824
0.2898089172	0.7647058824
0.2898089172	0.7647058824
0.2898089172	0.7647058824
0.2898089172	0.7647058824
0.2898089172	0.7647058824
0.2898089172	0.7647058824
0.2898089172	0.7583333333
0.2929936306	0.7603305785
0.2961783439	0.762295082
0.2961783439	0.756097561
0.2993630573	0.7580645161
0.3025477707	0.76
0.3057324841	0.7619047619
0.3057324841	0.7619047619
0.3057324841	0.7619047619
0.3089171975	0.7637795276
0.3121019108	0.765625
0.3152866242	0.7674418605
0.3152866242	0.7615384615
0.3152866242	0.7557251908
0.3184713376	0.7575757576
0.3184713376	0.7575757576
0.321656051	0.7593984962
0.3248407643	0.7611940299
0.3280254777	0.762962963
0.3280254777	0.762962963
0.3280254777	0.762962963
0.3280254777	0.762962963
0.3280254777	0.762962963
0.3312101911	0.7647058824
0.3312101911	0.7647058824
0.3312101911	0.7647058824
0.3312101911	0.7647058824
0.3312101911	0.7647058824
0.3312101911	0.7647058824
0.3343949045	0.7664233577
0.3375796178	0.768115942
0.3407643312	0.7697841727
0.3439490446	0.7714285714
0.3439490446	0.7714285714
0.3439490446	0.7714285714
0.3439490446	0.7714285714
0.3439490446	0.7714285714
0.3439490446	0.7714285714
0.3439490446	0.7714285714
0.3439490446	0.7714285714
0.3439490446	0.7714285714
0.347133758	0.7730496454
0.3503184713	0.7746478873
0.3503184713	0.7692307692
0.3503184713	0.7638888889
0.3503184713	0.7638888889
0.3535031847	0.7655172414
0.3566878981	0.7671232877
0.3566878981	0.7619047619
0.3566878981	0.7619047619
0.3566878981	0.7619047619
0.3566878981	0.7619047619
0.3566878981	0.7619047619
0.3566878981	0.7619047619
0.3566878981	0.7619047619
0.3566878981	0.7619047619
0.3566878981	0.7619047619
0.3566878981	0.7619047619
0.3566878981	0.7567567568
0.3566878981	0.7567567568
0.3566878981	0.7567567568
0.3566878981	0.7567567568
0.3566878981	0.7567567568
0.3598726115	0.7583892617
0.3630573248	0.76
0.3630573248	0.76
0.3630573248	0.76
0.3630573248	0.76
0.3630573248	0.76
0.3630573248	0.76
0.3630573248	0.76
0.3630573248	0.76
0.3630573248	0.76
0.3630573248	0.76
0.3630573248	0.76
0.3630573248	0.76
0.3630573248	0.76
0.3630573248	0.76
0.3630573248	0.76
0.3630573248	0.76
0.3662420382	0.761589404
0.3694267516	0.7631578947
0.372611465	0.7647058824
0.372611465	0.7597402597
0.372611465	0.7597402597
0.372611465	0.7597402597
0.372611465	0.7597402597
0.372611465	0.7597402597
0.372611465	0.7597402597
0.372611465	0.7597402597
0.372611465	0.7597402597
0.372611465	0.7597402597
0.3757961783	0.7612903226
0.3757961783	0.7612903226
0.3789808917	0.7628205128
0.3821656051	0.7643312102
0.3821656051	0.7643312102
0.3821656051	0.7643312102
0.3821656051	0.7643312102
0.3821656051	0.7594936709
0.3853503185	0.7610062893
0.3885350318	0.7625
0.3885350318	0.7625
0.3885350318	0.7625
0.3885350318	0.7625
0.3917197452	0.7639751553
0.3949044586	0.7654320988
0.3949044586	0.7654320988
0.3949044586	0.7654320988
0.3949044586	0.7654320988
0.3949044586	0.7654320988
0.398089172	0.7668711656
0.398089172	0.7668711656
0.4012738854	0.7682926829
0.4012738854	0.7636363636
0.4012738854	0.7590361446
0.4012738854	0.754491018
0.4012738854	0.754491018
0.4012738854	0.754491018
0.4012738854	0.754491018
0.4012738854	0.754491018
0.4012738854	0.754491018
0.4012738854	0.754491018
0.4012738854	0.754491018
0.4012738854	0.754491018
0.4012738854	0.754491018
0.4012738854	0.754491018
0.4012738854	0.754491018
0.4012738854	0.754491018
0.4012738854	0.754491018
0.4012738854	0.754491018
0.4012738854	0.754491018
0.4012738854	0.754491018
0.4012738854	0.754491018
0.4012738854	0.754491018
0.4012738854	0.754491018
0.4012738854	0.754491018
0.4044585987	0.755952381
0.4044585987	0.7514792899
0.4044585987	0.7514792899
0.4076433121	0.7529411765
0.4076433121	0.7529411765
0.4108280255	0.7543859649
0.4108280255	0.75
0.4140127389	0.7514450867
0.4140127389	0.7514450867
0.4140127389	0.7471264368
0.4140127389	0.7428571429
0.4171974522	0.7443181818
0.4203821656	0.7457627119
0.4203821656	0.7457627119
0.4203821656	0.7415730337
0.4203821656	0.7374301676
0.4203821656	0.7374301676
0.4203821656	0.7374301676
0.4203821656	0.7374301676
0.4203821656	0.7333333333
0.4203821656	0.7333333333
0.4203821656	0.7333333333
0.423566879	0.7348066298
0.4267515924	0.7362637363
0.4331210191	0.7391304348
0.4363057325	0.7405405405
0.4394904459	0.7419354839
0.4394904459	0.7419354839
0.4394904459	0.7419354839
0.4426751592	0.743315508
0.4458598726	0.7446808511
0.449044586	0.746031746
0.449044586	0.7421052632
0.449044586	0.7382198953
0.4522292994	0.7395833333
0.4522292994	0.7357512953
0.4554140127	0.7371134021
0.4554140127	0.7371134021
0.4585987261	0.7384615385
0.4617834395	0.7397959184
0.4617834395	0.7397959184
0.4617834395	0.7360406091
0.4649681529	0.7373737374
0.4649681529	0.7336683417
0.4681528662	0.735
0.4681528662	0.735
0.4713375796	0.736318408
0.474522293	0.7376237624
0.4777070064	0.7389162562
0.4777070064	0.7389162562
0.4808917197	0.7401960784
0.4840764331	0.7414634146
0.4872611465	0.7427184466
0.4904458599	0.7439613527
0.4936305732	0.7451923077
0.4968152866	0.7464114833
0.4968152866	0.7464114833
0.4968152866	0.7428571429
0.5	0.7440758294
0.5	0.7405660377
0.5031847134	0.7417840376
0.5031847134	0.738317757
0.5031847134	0.7348837209
0.5031847134	0.7348837209
0.5063694268	0.7361111111
0.5063694268	0.7361111111
0.5063694268	0.7361111111
0.5095541401	0.7373271889
0.5095541401	0.7339449541
0.5095541401	0.7305936073
0.5095541401	0.7272727273
0.5095541401	0.7272727273
0.5127388535	0.7285067873
0.5127388535	0.7285067873
0.5127388535	0.7285067873
0.5159235669	0.7297297297
0.5159235669	0.7297297297
0.5159235669	0.7297297297
0.5191082803	0.730941704
0.5191082803	0.7276785714
0.5191082803	0.7244444444
0.5191082803	0.7244444444
0.5191082803	0.7244444444
0.5191082803	0.7244444444
0.5191082803	0.7244444444
0.5191082803	0.7244444444
0.5191082803	0.7244444444
0.5191082803	0.7244444444
0.5191082803	0.7244444444
0.5191082803	0.7244444444
0.5191082803	0.7244444444
0.5191082803	0.7244444444
0.5191082803	0.7244444444
0.5191082803	0.7244444444
0.5191082803	0.7244444444
0.5191082803	0.7244444444
0.5191082803	0.7244444444
0.5191082803	0.7244444444
0.5191082803	0.7244444444
0.5191082803	0.7244444444
0.5191082803	0.7244444444
0.5191082803	0.7244444444
0.5191082803	0.7244444444
0.5191082803	0.7244444444
0.5191082803	0.7244444444
0.5191082803	0.7244444444
0.5191082803	0.7244444444
0.5191082803	0.7244444444
0.5191082803	0.7244444444
0.5191082803	0.7244444444
0.5191082803	0.7244444444
0.5191082803	0.7244444444
0.5191082803	0.7244444444
0.5191082803	0.7244444444
0.5191082803	0.7244444444
0.5191082803	0.7244444444
0.5191082803	0.7244444444
0.5191082803	0.7244444444
0.5191082803	0.7244444444
0.5191082803	0.7244444444
0.5191082803	0.7244444444
0.5191082803	0.7244444444
0.5191082803	0.7244444444
0.5191082803	0.7244444444
0.5191082803	0.7244444444
0.5191082803	0.7244444444
0.5191082803	0.7244444444
0.5191082803	0.7244444444
0.5191082803	0.7244444444
0.5191082803	0.7244444444
0.5191082803	0.7244444444
0.5191082803	0.7244444444
0.5191082803	0.7244444444
0.5191082803	0.7244444444
0.5191082803	0.7244444444
0.5191082803	0.7244444444
0.5191082803	0.7244444444
0.5191082803	0.7244444444
0.5191082803	0.7244444444
0.5191082803	0.7244444444
0.5191082803	0.7244444444
0.5191082803	0.7244444444
0.5191082803	0.7244444444
0.5191082803	0.7244444444
0.5191082803	0.7244444444
0.5191082803	0.7244444444
0.5191082803	0.7244444444
0.5191082803	0.7244444444
0.5191082803	0.7244444444
0.5191082803	0.7244444444
0.5191082803	0.7244444444
0.5191082803	0.7244444444
0.5191082803	0.7244444444
0.5191082803	0.7244444444
0.5191082803	0.7244444444
0.5191082803	0.7244444444
0.5191082803	0.7244444444
0.5191082803	0.7244444444
0.5191082803	0.7244444444
0.5191082803	0.7244444444
0.5191082803	0.7244444444
0.5191082803	0.7244444444
0.5191082803	0.7244444444
0.5191082803	0.7244444444
0.5191082803	0.7244444444
0.5191082803	0.7244444444
0.5191082803	0.7244444444
0.5191082803	0.7244444444
0.5191082803	0.7244444444
0.5191082803	0.7244444444
0.5191082803	0.7244444444
0.5191082803	0.7244444444
0.5191082803	0.7244444444
0.5191082803	0.7244444444
0.5191082803	0.7244444444
0.5191082803	0.7244444444
0.5191082803	0.7244444444
0.5191082803	0.7244444444
0.5191082803	0.7244444444
0.5191082803	0.7244444444
0.5191082803	0.7244444444
0.5191082803	0.7244444444
0.5191082803	0.7244444444
0.5191082803	0.7244444444
0.5191082803	0.7244444444
0.5191082803	0.7244444444
0.5191082803	0.7244444444
0.5191082803	0.7244444444
0.5191082803	0.7244444444
0.5191082803	0.7244444444
0.5191082803	0.7244444444
0.5191082803	0.7244444444
0.5191082803	0.7244444444
0.5191082803	0.7244444444
0.5191082803	0.7244444444
0.5191082803	0.7244444444
0.5191082803	0.7244444444
0.5191082803	0.7244444444
0.5191082803	0.7244444444
0.5191082803	0.7244444444
0.5191082803	0.7244444444
0.5191082803	0.7244444444
0.5191082803	0.7244444444
0.5191082803	0.7244444444
0.5191082803	0.7244444444
0.5191082803	0.7244444444
0.5191082803	0.7244444444
0.5191082803	0.7244444444
0.5191082803	0.7244444444
0.5191082803	0.7244444444
0.5191082803	0.7244444444
0.5191082803	0.7244444444
0.5191082803	0.7244444444
0.5191082803	0.7244444444
0.5191082803	0.7244444444
0.5191082803	0.7244444444
0.5191082803	0.7244444444
0.5191082803	0.7244444444
0.5191082803	0.7244444444
0.5191082803	0.7244444444
0.5191082803	0.7244444444
0.5191082803	0.7244444444
0.5191082803	0.7244444444
0.5191082803	0.7244444444
0.5191082803	0.7244444444
0.5191082803	0.7244444444
0.5191082803	0.7244444444
0.5191082803	0.7244444444
0.5191082803	0.7244444444
0.5191082803	0.7244444444
0.5191082803	0.7244444444
0.5191082803	0.7244444444
0.5191082803	0.7244444444
0.5191082803	0.7244444444
0.5191082803	0.7244444444
0.5191082803	0.7244444444
0.5191082803	0.7244444444
0.5191082803	0.7244444444
0.5191082803	0.7244444444
0.5191082803	0.7244444444
0.5191082803	0.7244444444
0.5191082803	0.7244444444
0.5191082803	0.7244444444
0.5191082803	0.7244444444
0.5191082803	0.7244444444
0.5191082803	0.7244444444
0.5191082803	0.7244444444
0.5191082803	0.7244444444
0.5191082803	0.7244444444
0.5191082803	0.7244444444
0.5191082803	0.7244444444
0.5191082803	0.7244444444
0.5191082803	0.7244444444
0.5191082803	0.7244444444
0.5191082803	0.7244444444
0.5191082803	0.7244444444
0.5191082803	0.7244444444
0.5191082803	0.7244444444
0.5191082803	0.7244444444
0.5191082803	0.7244444444
0.5191082803	0.7244444444
0.5191082803	0.7244444444
0.5191082803	0.7244444444
0.5191082803	0.7244444444
0.5191082803	0.7244444444
0.5191082803	0.7244444444
0.5191082803	0.7244444444
0.5191082803	0.7244444444
0.5191082803	0.7244444444
0.5191082803	0.7244444444
0.5191082803	0.7244444444
0.5191082803	0.7244444444
0.5191082803	0.7244444444
0.5191082803	0.7244444444
0.5191082803	0.7244444444
0.5191082803	0.7244444444
0.5191082803	0.7244444444
0.5191082803	0.7244444444
0.5191082803	0.7244444444
0.5191082803	0.7244444444
0.5191082803	0.7244444444
0.5191082803	0.7244444444
0.5191082803	0.7244444444
0.5191082803	0.7244444444
0.5191082803	0.7244444444
0.5191082803	0.7244444444
0.5191082803	0.7244444444
0.5191082803	0.7244444444
0.5191082803	0.7244444444
0.5191082803	0.7244444444
0.5191082803	0.7244444444
0.5191082803	0.7244444444
0.5191082803	0.7244444444
0.5191082803	0.7244444444
0.5191082803	0.7244444444
0.5191082803	0.7244444444
0.5191082803	0.7244444444
0.5191082803	0.7244444444
0.5191082803	0.7244444444
0.5191082803	0.7244444444
0.5191082803	0.7244444444
0.5191082803	0.7244444444
0.5191082803	0.7244444444
0.5191082803	0.7244444444
0.5191082803	0.7244444444
0.5191082803	0.7244444444
0.5191082803	0.7244444444
0.5191082803	0.7244444444
0.5191082803	0.7244444444
0.5191082803	0.7244444444
0.5191082803	0.7244444444
0.5191082803	0.7244444444
0.5191082803	0.7244444444
0.5191082803	0.7244444444
0.5191082803	0.7244444444
0.5191082803	0.7244444444
0.5191082803	0.7244444444
0.5191082803	0.7244444444
0.5191082803	0.7244444444
0.5191082803	0.7244444444
0.5191082803	0.7244444444
0.5191082803	0.7244444444
0.5191082803	0.7244444444
0.5191082803	0.7244444444
0.5191082803	0.7244444444
0.5191082803	0.7244444444
0.5191082803	0.7244444444
0.5191082803	0.7244444444
0.5191082803	0.7244444444
0.5191082803	0.7244444444
0.5191082803	0.7244444444
0.5191082803	0.7244444444
0.5191082803	0.7244444444
0.5191082803	0.7244444444
0.5191082803	0.7244444444
0.5191082803	0.7244444444
0.5191082803	0.7244444444
0.5191082803	0.7244444444
0.5191082803	0.7244444444
0.5191082803	0.7244444444
0.5191082803	0.7244444444
0.5191082803	0.7244444444
0.5191082803	0.7244444444
0.5191082803	0.7244444444
0.5191082803	0.7244444444
0.5191082803	0.7244444444
0.5191082803	0.7244444444
0.5191082803	0.7244444444
0.5191082803	0.7244444444
0.5191082803	0.7244444444
0.5191082803	0.7244444444
0.5191082803	0.7244444444
0.5191082803	0.7244444444
0.5191082803	0.7244444444
0.5191082803	0.7244444444
0.5191082803	0.7244444444
0.5191082803	0.7244444444
0.5191082803	0.7244444444
0.5191082803	0.7244444444
0.5191082803	0.7244444444
0.5191082803	0.7244444444
0.5191082803	0.7244444444
0.5191082803	0.7244444444
0.5191082803	0.7244444444
0.5191082803	0.7244444444
0.5191082803	0.7244444444
0.5191082803	0.7244444444
0.5191082803	0.7244444444
0.5191082803	0.7244444444
0.5191082803	0.7244444444
0.5191082803	0.7244444444
0.5191082803	0.7244444444
0.5191082803	0.7244444444
0.5191082803	0.7244444444
0.5191082803	0.7244444444
0.5191082803	0.7244444444
0.5191082803	0.7244444444
0.5191082803	0.7244444444
0.5191082803	0.7244444444
0.5191082803	0.7244444444
0.5191082803	0.7244444444
0.5191082803	0.7244444444
0.5191082803	0.7244444444
0.5191082803	0.7244444444
0.5191082803	0.7244444444
0.5191082803	0.7244444444
0.5191082803	0.7244444444
0.5191082803	0.7244444444
0.5191082803	0.7244444444
0.5191082803	0.7244444444
0.5191082803	0.7244444444
0.5191082803	0.7244444444
0.5191082803	0.7244444444
0.5191082803	0.7244444444
0.5191082803	0.7244444444
0.5191082803	0.7244444444
0.5191082803	0.7244444444
0.5191082803	0.7244444444
0.5191082803	0.7244444444
0.5191082803	0.7244444444
0.5191082803	0.7244444444
0.5191082803	0.7244444444
0.5191082803	0.7244444444
0.5191082803	0.7244444444
0.5191082803	0.7244444444
0.5191082803	0.7244444444
0.5191082803	0.7244444444
0.5191082803	0.7244444444
0.5191082803	0.7244444444
0.5191082803	0.7244444444
0.5191082803	0.7244444444
0.5191082803	0.7244444444
0.5191082803	0.7244444444
0.5191082803	0.7244444444
0.5191082803	0.7244444444
0.5191082803	0.7244444444
0.5191082803	0.7244444444
0.5191082803	0.7244444444
0.5191082803	0.7244444444
0.5191082803	0.7244444444
0.5191082803	0.7244444444
0.5191082803	0.7244444444
