Recall	Precision
3.18E-03	1
0.0063694268	1
0.0063694268	1
0.0063694268	1
0.0063694268	1
0.0095541401	1
0.0127388535	1
0.0127388535	1
0.0159235669	1
0.0191082803	1
0.0191082803	1
0.0222929936	1
0.0222929936	1
0.025477707	1
0.025477707	1
0.0286624204	1
0.0318471338	1
0.0350318471	1
0.0350318471	1
0.0350318471	1
0.0350318471	1
0.0382165605	1
0.0382165605	1
0.0382165605	1
0.0414012739	1
0.0445859873	1
0.0477707006	1
0.050955414	1
0.0541401274	1
0.0573248408	1
0.0605095541	1
0.0636942675	1
0.0668789809	1
0.0668789809	1
0.0668789809	1
0.0700636943	1
0.0732484076	1
0.076433121	1
0.076433121	1
0.076433121	1
0.076433121	1
0.076433121	1
0.076433121	1
0.076433121	1
0.076433121	1
0.0796178344	1
0.0796178344	1
0.0828025478	1
0.0859872612	1
0.0891719745	1
0.0923566879	1
0.0955414013	1
0.0987261147	1
0.101910828	1
0.101910828	1
0.101910828	1
0.101910828	1
0.101910828	1
0.101910828	1
0.1050955414	1
0.1082802548	1
0.1082802548	1
0.1082802548	1
0.1082802548	1
0.1082802548	1
0.1082802548	1
0.1082802548	1
0.1082802548	1
0.1082802548	1
0.1082802548	1
0.1082802548	1
0.1082802548	1
0.1082802548	1
0.1082802548	1
0.1114649682	1
0.1146496815	1
0.1146496815	1
0.1146496815	1
0.1146496815	1
0.1178343949	1
0.1210191083	1
0.1210191083	0.9743589744
0.1210191083	0.9743589744
0.1210191083	0.9743589744
0.1210191083	0.9743589744
0.1210191083	0.95
0.1210191083	0.95
0.1210191083	0.95
0.1210191083	0.95
0.1210191083	0.95
0.1210191083	0.95
0.1210191083	0.95
0.1210191083	0.95
0.1210191083	0.95
0.1210191083	0.95
0.1210191083	0.95
0.1210191083	0.95
0.1210191083	0.95
0.1210191083	0.95
0.1210191083	0.95
0.1210191083	0.95
0.1210191083	0.95
0.1210191083	0.95
0.1210191083	0.95
0.1210191083	0.95
0.1242038217	0.9512195122
0.1242038217	0.9512195122
0.1242038217	0.9512195122
0.1242038217	0.9512195122
0.127388535	0.9523809524
0.127388535	0.9523809524
0.1305732484	0.9534883721
0.1337579618	0.9545454545
0.1337579618	0.9545454545
0.1369426752	0.9555555556
0.1401273885	0.9565217391
0.1401273885	0.9565217391
0.1401273885	0.9565217391
0.1401273885	0.9565217391
0.1401273885	0.9565217391
0.1401273885	0.9565217391
0.1401273885	0.9565217391
0.1401273885	0.9565217391
0.1401273885	0.9565217391
0.1401273885	0.9565217391
0.1401273885	0.9565217391
0.1401273885	0.9565217391
0.1401273885	0.9565217391
0.1401273885	0.9565217391
0.1401273885	0.9565217391
0.1401273885	0.9565217391
0.1401273885	0.9565217391
0.1401273885	0.9565217391
0.1401273885	0.9565217391
0.1401273885	0.9565217391
0.1401273885	0.9565217391
0.1401273885	0.9565217391
0.1401273885	0.9565217391
0.1401273885	0.9565217391
0.1401273885	0.9565217391
0.1401273885	0.9565217391
0.1401273885	0.9565217391
0.1401273885	0.9565217391
0.1401273885	0.9565217391
0.1401273885	0.9565217391
0.1401273885	0.9565217391
0.1401273885	0.9565217391
0.1401273885	0.9565217391
0.1401273885	0.9565217391
0.1401273885	0.9565217391
0.1401273885	0.9565217391
0.1401273885	0.9565217391
0.1401273885	0.9565217391
0.1401273885	0.9565217391
0.1401273885	0.9565217391
0.1401273885	0.9361702128
0.1401273885	0.9361702128
0.1401273885	0.9361702128
0.1401273885	0.9166666667
0.1401273885	0.9166666667
0.1401273885	0.9166666667
0.1401273885	0.8979591837
0.1433121019	0.9
0.1433121019	0.9
0.1464968153	0.9019607843
0.1464968153	0.8846153846
0.1496815287	0.8867924528
0.1496815287	0.8867924528
0.1496815287	0.8867924528
0.1496815287	0.8867924528
0.1496815287	0.8867924528
0.1496815287	0.8867924528
0.1496815287	0.8867924528
0.1496815287	0.8703703704
0.1496815287	0.8703703704
0.1496815287	0.8703703704
0.1496815287	0.8703703704
0.1496815287	0.8703703704
0.1496815287	0.8703703704
0.1496815287	0.8703703704
0.1496815287	0.8703703704
0.152866242	0.8727272727
0.152866242	0.8727272727
0.1560509554	0.875
0.1560509554	0.8596491228
0.1560509554	0.8596491228
0.1560509554	0.8596491228
0.1592356688	0.8620689655
0.1624203822	0.8644067797
0.1624203822	0.85
0.1656050955	0.8524590164
0.1656050955	0.8524590164
0.1656050955	0.8524590164
0.1656050955	0.8524590164
0.1656050955	0.8524590164
0.1656050955	0.8524590164
0.1656050955	0.8524590164
0.1687898089	0.8548387097
0.1687898089	0.8548387097
0.1687898089	0.8412698413
0.1719745223	0.84375
0.1751592357	0.8461538462
0.1751592357	0.8461538462
0.178343949	0.8484848485
0.178343949	0.8358208955
0.178343949	0.8358208955
0.178343949	0.8358208955
0.178343949	0.8358208955
0.178343949	0.8358208955
0.178343949	0.8358208955
0.178343949	0.8358208955
0.178343949	0.8358208955
0.178343949	0.8358208955
0.178343949	0.8358208955
0.178343949	0.8358208955
0.1815286624	0.8382352941
0.1847133758	0.8405797101
0.1847133758	0.8405797101
0.1878980892	0.8428571429
0.1910828025	0.8450704225
0.1942675159	0.8472222222
0.1974522293	0.8493150685
0.2006369427	0.8513513514
0.2038216561	0.8533333333
0.2070063694	0.8552631579
0.2070063694	0.8441558442
0.2101910828	0.8461538462
0.2133757962	0.8481012658
0.2165605096	0.85
0.2197452229	0.8518518519
0.2197452229	0.8518518519
0.2197452229	0.8518518519
0.2197452229	0.8518518519
0.2197452229	0.8518518519
0.2197452229	0.8518518519
0.2197452229	0.8518518519
0.2197452229	0.8518518519
0.2197452229	0.8518518519
0.2229299363	0.8536585366
0.2229299363	0.843373494
0.2261146497	0.8452380952
0.2261146497	0.8352941176
0.2292993631	0.8372093023
0.2292993631	0.8372093023
0.2324840764	0.8390804598
0.2324840764	0.8390804598
0.2356687898	0.8409090909
0.2388535032	0.8426966292
0.2388535032	0.8426966292
0.2388535032	0.8426966292
0.2388535032	0.8426966292
0.2388535032	0.8426966292
0.2388535032	0.8426966292
0.2388535032	0.8426966292
0.2388535032	0.8426966292
0.2388535032	0.8333333333
0.2388535032	0.8333333333
0.2420382166	0.8351648352
0.2420382166	0.8351648352
0.2420382166	0.8351648352
0.2420382166	0.8260869565
0.2420382166	0.8172043011
0.2420382166	0.8172043011
0.2420382166	0.8172043011
0.2420382166	0.8172043011
0.2420382166	0.8172043011
0.2420382166	0.8172043011
0.2420382166	0.8172043011
0.2420382166	0.8172043011
0.2420382166	0.8172043011
0.2420382166	0.8085106383
0.2420382166	0.8085106383
0.2420382166	0.8085106383
0.2452229299	0.8105263158
0.2452229299	0.8105263158
0.2452229299	0.8105263158
0.2484076433	0.8125
0.2515923567	0.8144329897
0.2515923567	0.8144329897
0.2547770701	0.8163265306
0.2547770701	0.8163265306
0.2547770701	0.8163265306
0.2547770701	0.8163265306
0.2547770701	0.8163265306
0.2547770701	0.8163265306
0.2547770701	0.8163265306
0.2547770701	0.8163265306
0.2547770701	0.8163265306
0.2547770701	0.8163265306
0.2579617834	0.8181818182
0.2579617834	0.8181818182
0.2579617834	0.8181818182
0.2579617834	0.8181818182
0.2579617834	0.81
0.2579617834	0.801980198
0.2579617834	0.801980198
0.2611464968	0.8039215686
0.2611464968	0.8039215686
0.2611464968	0.8039215686
0.2611464968	0.8039215686
0.2611464968	0.8039215686
0.2611464968	0.8039215686
0.2611464968	0.7961165049
0.2611464968	0.7961165049
0.2611464968	0.7961165049
0.2611464968	0.7884615385
0.2611464968	0.780952381
0.2643312102	0.7830188679
0.2643312102	0.7830188679
0.2643312102	0.7757009346
0.2675159236	0.7777777778
0.2675159236	0.7777777778
0.2675159236	0.7777777778
0.2675159236	0.7777777778
0.2707006369	0.7798165138
0.2707006369	0.7798165138
0.2707006369	0.7798165138
0.2707006369	0.7798165138
0.2707006369	0.7798165138
0.2707006369	0.7798165138
0.2707006369	0.7798165138
0.2707006369	0.7798165138
0.2707006369	0.7798165138
0.2707006369	0.7798165138
0.2707006369	0.7798165138
0.2707006369	0.7798165138
0.2707006369	0.7798165138
0.2707006369	0.7798165138
0.2707006369	0.7798165138
0.2707006369	0.7798165138
0.2707006369	0.7798165138
0.2707006369	0.7798165138
0.2707006369	0.7798165138
0.2707006369	0.7798165138
0.2707006369	0.7798165138
0.2707006369	0.7798165138
0.2707006369	0.7727272727
0.2707006369	0.7727272727
0.2707006369	0.7727272727
0.2707006369	0.7727272727
0.2707006369	0.7657657658
0.2707006369	0.7657657658
0.2707006369	0.7657657658
0.2707006369	0.7657657658
0.2738853503	0.7678571429
0.2738853503	0.7678571429
0.2738853503	0.7678571429
0.2738853503	0.7678571429
0.2738853503	0.7610619469
0.2738853503	0.7610619469
0.2738853503	0.7610619469
0.2738853503	0.7610619469
0.2738853503	0.7610619469
0.2738853503	0.7610619469
0.2738853503	0.7610619469
0.2770700637	0.7631578947
0.2770700637	0.7631578947
0.2770700637	0.7631578947
0.2802547771	0.7652173913
0.2802547771	0.7652173913
0.2802547771	0.7652173913
0.2802547771	0.7652173913
0.2802547771	0.7652173913
0.2802547771	0.7652173913
0.2834394904	0.7672413793
0.2834394904	0.7672413793
0.2834394904	0.7672413793
0.2834394904	0.7672413793
0.2866242038	0.7692307692
0.2866242038	0.7692307692
0.2866242038	0.7692307692
0.2866242038	0.7692307692
0.2866242038	0.7627118644
0.2898089172	0.7647058824
0.2898089172	0.7647058824
0.2898089172	0.7647058824
0.2929936306	0.7666666667
0.2929936306	0.7666666667
0.2929936306	0.7666666667
0.2929936306	0.7603305785
0.2929936306	0.7540983607
0.2929936306	0.7479674797
0.2929936306	0.7479674797
0.2961783439	0.75
0.2961783439	0.75
0.2961783439	0.75
0.2993630573	0.752
0.2993630573	0.752
0.3025477707	0.753968254
0.3025477707	0.753968254
0.3025477707	0.753968254
0.3025477707	0.753968254
0.3025477707	0.753968254
0.3025477707	0.753968254
0.3057324841	0.7559055118
0.3057324841	0.7559055118
0.3057324841	0.7559055118
0.3057324841	0.7559055118
0.3057324841	0.7559055118
0.3089171975	0.7578125
0.3089171975	0.7578125
0.3089171975	0.7578125
0.3089171975	0.7578125
0.3089171975	0.7578125
0.3089171975	0.7578125
0.3089171975	0.7578125
0.3089171975	0.7578125
0.3089171975	0.7578125
0.3089171975	0.7578125
0.3089171975	0.7578125
0.3089171975	0.7578125
0.3089171975	0.7578125
0.3089171975	0.7578125
0.3089171975	0.7578125
0.3089171975	0.7578125
0.3089171975	0.7578125
0.3089171975	0.7578125
0.3089171975	0.7578125
0.3089171975	0.7578125
0.3089171975	0.7578125
0.3089171975	0.7578125
0.3089171975	0.7578125
0.3089171975	0.7578125
0.3089171975	0.7578125
0.3089171975	0.7578125
0.3089171975	0.7578125
0.3089171975	0.7578125
0.3089171975	0.7578125
0.3089171975	0.7578125
0.3089171975	0.7578125
0.3089171975	0.7578125
0.3089171975	0.7578125
0.3089171975	0.7578125
0.3089171975	0.7578125
0.3089171975	0.7578125
0.3089171975	0.7578125
0.3089171975	0.7578125
0.3089171975	0.7578125
0.3089171975	0.7578125
0.3089171975	0.7578125
0.3089171975	0.7578125
0.3089171975	0.7578125
0.3089171975	0.7578125
0.3089171975	0.7578125
0.3089171975	0.7578125
0.3089171975	0.7578125
0.3089171975	0.7578125
0.3089171975	0.7578125
0.3089171975	0.7578125
0.3089171975	0.7578125
0.3089171975	0.7578125
0.3089171975	0.7578125
0.3089171975	0.7578125
0.3089171975	0.7578125
0.3089171975	0.7578125
0.3089171975	0.7578125
0.3089171975	0.7578125
0.3089171975	0.7578125
0.3089171975	0.7578125
0.3089171975	0.7578125
0.3089171975	0.7578125
0.3089171975	0.7578125
0.3089171975	0.7578125
0.3089171975	0.7578125
0.3089171975	0.7578125
0.3089171975	0.7578125
0.3089171975	0.7578125
0.3089171975	0.7578125
0.3089171975	0.7578125
0.3089171975	0.7578125
0.3089171975	0.7578125
0.3089171975	0.7578125
0.3089171975	0.7578125
0.3089171975	0.7578125
0.3089171975	0.7578125
0.3089171975	0.7578125
0.3089171975	0.7578125
0.3089171975	0.7578125
0.3089171975	0.7578125
0.3089171975	0.7578125
0.3089171975	0.7578125
0.3089171975	0.7578125
0.3089171975	0.7578125
0.3089171975	0.7578125
0.3089171975	0.7578125
0.3089171975	0.7578125
0.3089171975	0.7578125
0.3089171975	0.7578125
0.3089171975	0.7578125
0.3089171975	0.7578125
0.3089171975	0.7578125
0.3089171975	0.7578125
0.3089171975	0.7578125
0.3089171975	0.7578125
0.3089171975	0.7578125
0.3089171975	0.7578125
0.3089171975	0.7578125
0.3089171975	0.7578125
0.3089171975	0.7578125
0.3089171975	0.7578125
0.3089171975	0.7578125
0.3089171975	0.7578125
0.3089171975	0.7578125
0.3089171975	0.7578125
0.3089171975	0.7578125
0.3089171975	0.7578125
0.3089171975	0.7578125
0.3089171975	0.7578125
0.3089171975	0.7578125
0.3089171975	0.7578125
0.3089171975	0.7578125
0.3089171975	0.7578125
0.3089171975	0.7578125
0.3089171975	0.7578125
0.3089171975	0.7578125
0.3089171975	0.7578125
0.3089171975	0.7578125
0.3089171975	0.7578125
0.3089171975	0.7578125
0.3089171975	0.7578125
0.3089171975	0.7578125
0.3089171975	0.7578125
0.3089171975	0.7578125
0.3089171975	0.7578125
0.3089171975	0.7578125
0.3089171975	0.7578125
0.3089171975	0.7578125
0.3089171975	0.7578125
0.3089171975	0.7578125
0.3089171975	0.7578125
0.3089171975	0.7578125
0.3089171975	0.7578125
0.3089171975	0.7578125
0.3089171975	0.7578125
0.3089171975	0.7578125
0.3089171975	0.7578125
0.3089171975	0.7578125
0.3089171975	0.7578125
0.3089171975	0.7578125
0.3089171975	0.7578125
0.3089171975	0.7578125
0.3089171975	0.7578125
0.3089171975	0.7578125
0.3089171975	0.7578125
0.3089171975	0.7578125
0.3089171975	0.7578125
0.3089171975	0.7578125
0.3089171975	0.7578125
0.3089171975	0.7578125
0.3089171975	0.7578125
0.3089171975	0.7578125
0.3089171975	0.7578125
0.3089171975	0.7578125
0.3089171975	0.7578125
0.3089171975	0.7578125
0.3089171975	0.7578125
0.3089171975	0.7578125
0.3089171975	0.7578125
0.3089171975	0.7578125
0.3089171975	0.7578125
0.3089171975	0.7578125
0.3089171975	0.7578125
0.3089171975	0.7578125
0.3089171975	0.7578125
0.3089171975	0.7578125
0.3089171975	0.7578125
0.3089171975	0.7578125
0.3089171975	0.7578125
0.3089171975	0.7578125
0.3089171975	0.7578125
0.3089171975	0.7578125
0.3089171975	0.7578125
0.3089171975	0.7578125
0.3089171975	0.7578125
0.3089171975	0.7578125
0.3089171975	0.7578125
0.3089171975	0.7578125
0.3089171975	0.7578125
0.3089171975	0.7578125
0.3089171975	0.7578125
0.3089171975	0.7578125
0.3089171975	0.7578125
0.3089171975	0.7578125
0.3089171975	0.7578125
0.3089171975	0.7578125
0.3089171975	0.7578125
0.3089171975	0.7578125
0.3089171975	0.7578125
0.3089171975	0.7578125
0.3089171975	0.7578125
0.3089171975	0.7578125
0.3089171975	0.7578125
0.3089171975	0.7578125
0.3089171975	0.7578125
0.3089171975	0.7578125
0.3089171975	0.7578125
0.3089171975	0.7578125
0.3089171975	0.7578125
0.3089171975	0.7578125
0.3089171975	0.7578125
0.3089171975	0.7578125
0.3089171975	0.7578125
0.3089171975	0.7578125
0.3089171975	0.7578125
0.3089171975	0.7578125
0.3089171975	0.7578125
0.3089171975	0.7578125
0.3089171975	0.7578125
0.3089171975	0.7578125
0.3089171975	0.7578125
0.3089171975	0.7578125
0.3089171975	0.7578125
0.3089171975	0.7578125
0.3089171975	0.7578125
0.3089171975	0.7578125
0.3089171975	0.7578125
0.3089171975	0.7578125
0.3089171975	0.7578125
0.3089171975	0.7578125
0.3089171975	0.7578125
0.3089171975	0.7578125
0.3089171975	0.7578125
0.3089171975	0.7578125
0.3089171975	0.7578125
0.3089171975	0.7578125
0.3089171975	0.7578125
0.3089171975	0.7578125
0.3089171975	0.7578125
0.3089171975	0.7578125
0.3089171975	0.7578125
0.3089171975	0.7578125
0.3089171975	0.7578125
0.3089171975	0.7578125
0.3089171975	0.7578125
0.3089171975	0.7578125
0.3089171975	0.7578125
0.3089171975	0.7578125
0.3089171975	0.7578125
0.3089171975	0.7578125
0.3089171975	0.7578125
0.3089171975	0.7578125
0.3089171975	0.7578125
0.3089171975	0.7578125
0.3089171975	0.7578125
0.3089171975	0.7578125
0.3089171975	0.7578125
0.3089171975	0.7578125
0.3089171975	0.7578125
0.3089171975	0.7578125
0.3089171975	0.7578125
0.3089171975	0.7578125
0.3089171975	0.7578125
0.3089171975	0.7578125
0.3089171975	0.7578125
0.3089171975	0.7578125
0.3089171975	0.7578125
0.3089171975	0.7578125
0.3089171975	0.7578125
0.3089171975	0.7578125
0.3089171975	0.7578125
0.3089171975	0.7578125
0.3089171975	0.7578125
0.3089171975	0.7578125
0.3089171975	0.7578125
0.3089171975	0.7578125
0.3089171975	0.7578125
0.3089171975	0.7578125
0.3089171975	0.7578125
0.3089171975	0.7578125
0.3089171975	0.7578125
0.3089171975	0.7578125
0.3089171975	0.7578125
0.3089171975	0.7578125
0.3089171975	0.7578125
0.3089171975	0.7578125
0.3089171975	0.7578125
0.3089171975	0.7578125
0.3089171975	0.7578125
0.3089171975	0.7578125
0.3089171975	0.7578125
0.3089171975	0.7578125
0.3089171975	0.7578125
0.3089171975	0.7578125
0.3089171975	0.7578125
0.3089171975	0.7578125
0.3089171975	0.7578125
0.3089171975	0.7578125
0.3089171975	0.7578125
0.3089171975	0.7578125
0.3089171975	0.7578125
0.3089171975	0.7578125
0.3089171975	0.7578125
0.3089171975	0.7578125
0.3089171975	0.7578125
0.3089171975	0.7578125
0.3089171975	0.7578125
0.3089171975	0.7578125
0.3089171975	0.7578125
0.3089171975	0.7578125
0.3089171975	0.7578125
0.3089171975	0.7578125
0.3089171975	0.7578125
0.3089171975	0.7578125
0.3089171975	0.7578125
0.3089171975	0.7578125
0.3089171975	0.7578125
0.3089171975	0.7578125
0.3089171975	0.7578125
0.3089171975	0.7578125
0.3089171975	0.7578125
0.3089171975	0.7578125
0.3089171975	0.7578125
0.3089171975	0.7578125
0.3089171975	0.7578125
0.3089171975	0.7578125
0.3089171975	0.7578125
0.3089171975	0.7578125
0.3089171975	0.7578125
0.3089171975	0.7578125
0.3089171975	0.7578125
0.3089171975	0.7578125
0.3089171975	0.7578125
0.3089171975	0.7578125
0.3089171975	0.7578125
0.3089171975	0.7578125
0.3089171975	0.7578125
0.3089171975	0.7578125
0.3089171975	0.7578125
0.3089171975	0.7578125
0.3089171975	0.7578125
0.3089171975	0.7578125
0.3089171975	0.7578125
0.3089171975	0.7578125
0.3089171975	0.7578125
0.3089171975	0.7578125
0.3089171975	0.7578125
0.3089171975	0.7578125
0.3089171975	0.7578125
0.3089171975	0.7578125
0.3089171975	0.7578125
0.3089171975	0.7578125
0.3089171975	0.7578125
0.3089171975	0.7578125
0.3089171975	0.7578125
0.3089171975	0.7578125
0.3089171975	0.7578125
0.3089171975	0.7578125
0.3089171975	0.7578125
0.3089171975	0.7578125
0.3089171975	0.7578125
0.3089171975	0.7578125
0.3089171975	0.7578125
0.3089171975	0.7578125
0.3089171975	0.7578125
0.3089171975	0.7578125
0.3089171975	0.7578125
0.3089171975	0.7578125
0.3089171975	0.7578125
0.3089171975	0.7578125
0.3089171975	0.7578125
0.3089171975	0.7578125
0.3089171975	0.7578125
0.3089171975	0.7578125
0.3089171975	0.7578125
0.3089171975	0.7578125
0.3089171975	0.7578125
0.3089171975	0.7578125
0.3089171975	0.7578125
0.3089171975	0.7578125
0.3089171975	0.7578125
0.3089171975	0.7578125
0.3089171975	0.7578125
0.3089171975	0.7578125
0.3089171975	0.7578125
0.3089171975	0.7578125
0.3089171975	0.7578125
0.3089171975	0.7578125
0.3089171975	0.7578125
0.3089171975	0.7578125
0.3089171975	0.7578125
0.3089171975	0.7578125
0.3089171975	0.7578125
0.3089171975	0.7578125
0.3089171975	0.7578125
0.3089171975	0.7578125
0.3089171975	0.7578125
0.3089171975	0.7578125
0.3089171975	0.7578125
0.3089171975	0.7578125
0.3089171975	0.7578125
0.3089171975	0.7578125
0.3089171975	0.7578125
0.3089171975	0.7578125
0.3089171975	0.7578125
0.3089171975	0.7578125
0.3089171975	0.7578125
0.3089171975	0.7578125
0.3089171975	0.7578125
0.3089171975	0.7578125
0.3089171975	0.7578125
0.3089171975	0.7578125
0.3089171975	0.7578125
0.3089171975	0.7578125
0.3089171975	0.7578125
0.3089171975	0.7578125
0.3089171975	0.7578125
0.3089171975	0.7578125
0.3089171975	0.7578125
0.3089171975	0.7578125
0.3089171975	0.7578125
0.3089171975	0.7578125
0.3089171975	0.7578125
0.3089171975	0.7578125
0.3089171975	0.7578125
0.3089171975	0.7578125
0.3089171975	0.7578125
0.3089171975	0.7578125
0.3089171975	0.7578125
0.3089171975	0.7578125
0.3089171975	0.7578125
0.3089171975	0.7578125
0.3089171975	0.7578125
0.3089171975	0.7578125
0.3089171975	0.7578125
0.3089171975	0.7578125
0.3089171975	0.7578125
0.3089171975	0.7578125
0.3089171975	0.7578125
0.3089171975	0.7578125
0.3089171975	0.7578125
0.3089171975	0.7578125
0.3089171975	0.7578125
0.3089171975	0.7578125
0.3089171975	0.7578125
0.3089171975	0.7578125
0.3089171975	0.7578125
0.3089171975	0.7578125
0.3089171975	0.7578125
0.3089171975	0.7578125
0.3089171975	0.7578125
0.3089171975	0.7578125
0.3089171975	0.7578125
0.3089171975	0.7578125
0.3089171975	0.7578125
0.3089171975	0.7578125
0.3089171975	0.7578125
0.3089171975	0.7578125
0.3089171975	0.7578125
0.3089171975	0.7578125
0.3089171975	0.7578125
0.3089171975	0.7578125
0.3089171975	0.7578125
0.3089171975	0.7578125
0.3089171975	0.7578125
0.3089171975	0.7578125
0.3089171975	0.7578125
0.3089171975	0.7578125
0.3089171975	0.7578125
0.3089171975	0.7578125
0.3089171975	0.7578125
0.3089171975	0.7578125
0.3089171975	0.7578125

